"Order Random","parangelía tychaía"

